Name,Day,GRS,GCS,GLS,GRSRs,GRSRd,GCSRd,GCSRs,GLSRd,GLSRs,ts_max,ts_min,tc_max,tc_min,ps_max,ps_min,pc_max,pc_min,tcs_diff,tss_diff,pcs_diff,pss_diff,Condition
mi_D11-3_10d,10,9.828056620626507,-15.571947407116323,-5.660097519297792,2.702014274190491,-3.5870197949779263,4.100575193945572,-2.553391782992017,1.3463586195119632,-1.4050597360673966,57.5770179595582,35.73331182121963,55.58970573710866,32.92647700042608,61.46086592135625,55.294434367820735,61.165123644626654,54.83430659962588,5.930165132004355,7.490490762114966,0.43886340678406555,0.6892565175436687,1
mi_D11-3_1d,1,6.918758031935894,-17.4949659583475,-6.393434799385319,2.1400589506377834,-3.2181668084729633,5.292209580226732,-3.114784287498344,2.1622398393003994,-1.0620392260887084,57.199036646169084,32.179849261738845,57.49692393345399,32.79720102551678,60.29752714311221,54.67520763013886,61.6147004360384,55.83865657220391,2.3618134379755915,2.9699583215767085,1.0076891849654288,0.8927142562623942,1
mi_D11-3_21d,21,15.13337901934581,-20.884676680930223,-5.044976482440193,3.8346269872909673,-2.9960575283183917,5.295556017721744,-3.868718039981837,1.9231252263463987,-0.8586482455236666,56.22195509276607,34.46699042484748,56.58998976587195,34.10018328417281,59.96734164852584,56.17592797133505,60.41687208647225,55.826369043725045,2.9070679059678355,3.046503384477184,0.856198303581607,0.3229042717990964,1
mi_D11-3_3d,3,7.925552034663433,-19.63035181296743,-7.547989026158129,2.860778903385355,-2.3667438778658823,5.260679016086694,-3.522097994368268,1.5899442489626487,-1.7326936987536645,57.904986590068134,32.88908268650612,56.191202159774704,31.783329713374407,61.366761480101985,55.62824079270451,61.31927829489737,55.84017477227512,8.438269673151979,8.119566387818764,0.3299446155079053,0.42064870177466673,1
mi_D11-3_40d,40,6.914718587551725,-14.66727531769947,-5.857182711328645,2.347820756621981,-1.8671190960420376,3.6120562837843946,-3.6652144072933606,1.321042765130256,-1.4190731261165468,53.43628019563222,34.64971248175916,57.097666700196626,35.95710203001909,60.593546514650754,56.05932699387693,60.329322233013514,55.98961489399522,3.4955989290103133,4.605803590000502,0.02494605050912213,0.4450799212401222,1
mi_D11-7_10d,10,10.868118661467452,-23.621223058080062,-6.674346132955483,3.333391817935984,-2.556025272455497,7.6029460827928945,-4.732449267063357,2.5136822094116673,-1.2989462552188924,57.71648704200812,28.974715761636038,59.620316824062925,28.668755397642517,62.245120414229,55.41286124395041,61.9254575394904,55.47107444584019,0.9005385438762872,3.276321534741818,2.5065087110971973,1.431167625864333,1
mi_D11-7_1d,1,11.586939920138766,-17.91277381482019,-3.6543300085688277,2.8817483896743292,-3.722297827632932,6.50220031633698,-4.127995407956013,1.2123443505330616,-1.1660796231336443,60.98881941703574,29.747725079262292,57.90734867180621,27.981948304842756,61.24517866307444,55.356972611120774,61.84634863378421,55.72469241773209,2.1766121273078767,4.772170149939633,1.4443003714965812,0.6874275503967766,1
mi_D11-7_21d,21,11.553414075806524,-26.12782677351202,-9.306939181229787,3.26638670221942,-3.266990165831097,7.4969588542727985,-4.575108225037693,2.6550304490312135,-1.6834930679830087,61.19107502512606,28.27600306461566,59.6200447561036,27.38093723695564,62.507933091417804,54.36346740853194,63.72608933568523,54.65662764441995,0.12199742443755213,0.03628817202842427,3.184359836555984,1.2627417862281405,1
mi_D11-7_3d,3,7.58923200896773,-13.861280221825332,-3.1132498608226897,3.202832718993225,-1.9865378704679546,5.350640215787229,-2.803985813079574,1.5252164695423294,-0.7054682365608956,55.26794133029782,34.927690688496966,56.41547120118856,32.76505636193248,60.96879874756013,56.11361540345081,61.08448127266802,54.93772645959258,0.4540573213071326,1.543816339266698,0.9824303163845869,0.7764882655488847,1
mi_D11-7_40d,40,12.531326549838923,-21.891045543369525,-6.892177502151308,3.3914821326696556,-5.296229799334438,5.745100096914219,-5.379063166569516,1.9056275422693154,-1.6696113933668024,65.07588950042314,25.693646075428983,61.475989113101114,25.467900370216046,64.00413172056531,55.01008659014396,62.30085395875411,53.74698920290997,1.3209894830471711,1.4849887065910252,2.4169455167435814,1.9455831311636942,1
mi_D12-8_10d,10,11.410911034535275,-12.37736807353084,-1.365353357096234,2.6397922813892247,-3.019495387212258,3.3901727111346407,-2.410574556937141,0.7551190184934873,-0.34048957980741573,54.55840399282599,37.25410109019489,54.83052149552795,36.10443773583673,60.03653904091048,56.52790321310354,60.73111085550548,57.38559180240807,3.6324250818396635,4.198851584828688,0.7701307394095807,0.5919688165115176,1
mi_D12-8_1d,1,5.4968655872959475,-14.155575124638077,-4.58613053990511,1.7558935253310621,-2.488092761596096,5.958900807600693,-3.064718469225796,1.532658716979377,-1.0282946893289715,58.40340216728763,34.41262211500633,56.75507552130135,29.56346383516796,61.03647380457032,55.82221917476638,60.675258258951295,55.92736507932421,2.0564406805927433,2.2521105636506675,1.7629944574888157,0.38190139896970976,1
mi_D12-8_21d,21,10.806823828622935,-14.764979548728828,-3.971954066178274,3.037577119039496,-3.1744751399230524,5.204782814084353,-2.330595505132091,1.7830252661165964,-0.4764478008998186,56.27644250338157,36.085964540100655,53.734466017702516,33.645328828221,60.193610191157575,56.03975367047649,60.67912708698622,55.75419566759215,4.379015927600101,4.805489913916446,1.4627919061018133,0.8272168607732553,1
mi_D12-8_3d,3,12.02864737179335,-13.943245632041636,-5.10044424595886,2.3599169798034656,-3.1568717807048796,4.366423978701952,-2.536315230136013,1.5110199537121878,-0.7995549150451519,58.78235173428984,34.281107959661675,56.461732562101645,31.69777839566114,60.47852992955277,55.23077174398816,61.76164550478784,56.0371636461064,4.002597578349729,3.5566933032414276,1.5592724855538052,0.6833170884072857,1
mi_D12-8_45d,45,9.821447154893969,-14.743955209650835,-6.080207425233334,2.5844672149800823,-3.62292443561622,4.619894656990667,-3.854662794714138,1.4856189685574712,-1.9169003245767946,56.54638216521765,36.621101266005205,53.49382042932689,34.13777555864176,61.53374628122344,55.84257914417624,60.67345524117801,55.9736254355805,4.970337789797966,6.217318192197396,2.0382835717465895,1.3985785817121936,1
mi_D4-6_10d,10,6.083077988417311,-7.587756732022173,-1.9846645581527675,2.2939085387951557,-2.27350275560732,3.0326910534097236,-1.4815601220686885,1.1432368992905426,-0.24899461340244758,55.002087848674165,37.37623811827428,53.60545659323866,36.07354688110685,59.8049196624997,56.626345007514516,60.22290025261782,56.89865452820482,2.0625434871732082,4.370566566676466,2.2815602873315157,1.805302891275879,1
mi_D4-6_1d,1,4.3500411168230535,-9.923148595892087,-1.8881258670283319,2.1439169670032068,-1.36749985528511,4.9628725730896575,-1.6326604876219468,1.764738336051123,-0.6203658615238353,54.610967311086576,38.35083834863673,52.68990012360717,34.218478054716,63.632034570049804,55.788020685880866,61.00453752169199,54.110488408914684,5.598576845173461,6.443909439860533,0.42137881623008866,0.7252769009949276,1
mi_D4-6_21d,21,8.646513300944445,-11.347937079803769,-2.5748911141539392,2.533679477537005,-1.8544747652828169,4.845792500504296,-2.1448050469356903,2.0410393073340756,-0.8128601428829513,54.78671476223713,34.49723653098883,57.46391777317017,34.723140385074,61.41307538855156,56.255347571052845,60.9167460408336,55.821254689264016,2.4851732309614505,5.064305405225497,0.4399019731939333,0.2140818782821583,1
mi_D4-6_3d,3,3.216263697577358,-14.338630386785773,-4.093378486441453,2.1990076293083027,-0.9343322017525674,4.89001671846595,-2.5495266371030785,1.6593100925422999,-0.823879820821485,54.14393927278672,33.847165473524825,56.020308675410526,35.27114966609458,61.22241658833534,57.430486032313745,61.16671701251471,55.33347363337918,1.9868721580774888,6.274285149629897,1.4528954247382302,0.8358878332455077,1
mi_D4-6_41d,41,3.216263697577358,-14.338630386785773,-4.093378486441453,2.1990076293083027,-0.9343322017525674,4.89001671846595,-2.5495266371030785,1.6593100925422999,-0.823879820821485,54.14393927278672,33.847165473524825,56.020308675410526,35.27114966609458,61.22241658833534,57.430486032313745,61.16671701251471,55.33347363337918,1.9868721580774888,6.274285149629897,1.4528954247382302,0.8358878332455077,1
sham_D11-1_10d,10,12.168716145992061,-25.92284723711123,-8.8036220738109,2.966758633201067,-3.0199668039635545,6.999277914833518,-5.0441298500643486,1.9100511757011094,-2.1008982579400053,61.6970977617329,30.194861760805704,59.12195925591722,28.145055401079556,62.08719370436908,55.78367578986546,61.53766266312049,54.908823757046044,2.5844722815309638,3.210708756053606,3.8023754742088656,2.1154097383077257,0
sham_D11-1_21d,21,12.780395448093042,-24.66916911790072,-6.838078556080569,4.500270732569694,-2.504756517500165,5.854548995927516,-5.590620160329179,1.2090814106099352,-2.230516966726842,57.91310961197707,28.440674029917336,60.35998540034461,31.04156294927423,60.13451297962479,55.61445156077757,61.161828981842746,56.45291675326483,0.6776416935240377,1.706098727302546,2.450810090880317,0.7775363819108421,0
sham_D11-1_3d,3,9.011965981806279,-18.773699310826558,-4.981914069675415,3.7432862235968036,-1.6078875171110387,6.501123180093084,-4.258530715720524,2.1322620057103476,-1.5630277071530858,56.415933788843205,31.762684083442416,58.20261022717201,31.285897912122614,61.20003681019362,57.07756382813316,60.69293688572443,55.777519818897716,1.6000506776665446,1.7033188771400312,4.944836498052453,3.722482845211985,0
sham_D11-1_40d,40,12.720416097243946,-23.319081363875302,-5.027421943026572,3.728871458976739,-2.6360018983951123,5.561347910258438,-5.048559809286455,1.0893568589217224,-1.4780495927271653,56.81504687212528,29.1704155847016,60.476178566334454,31.81301777588096,61.85049604702161,56.76202747804216,60.27587932140173,55.43256035925742,2.045375917590235,0.3586770143859539,0.39292006515635336,1.0124039566714131,0
sham_D3-2_10d,10,8.294105241150046,-15.446616898841595,-4.584258304029385,2.9660495028321052,-1.7879469719989496,4.337306866785184,-3.2852200089204593,1.2205040499170374,-0.86111999762328,55.343831241246875,33.2232899460781,55.91931522861952,33.60513642287381,60.57438675447606,56.95174206474135,60.05579524694219,56.1628690453546,6.1767083901767705,8.276018605186039,0.23476335617763766,0.17881386093549168,0
sham_D3-2_1d,1,9.358083147764582,-19.66083188898085,-4.792886364450568,3.717304982240791,-1.1718502848561436,5.695740299955282,-3.8229340361066715,1.5918338782849466,-1.1944215493457082,55.152479918168346,30.689301992618567,57.62970962555148,32.70502870402563,61.06240650241521,56.761727770153094,60.78241865506979,55.33788782684013,0.324428811826067,1.7658836527607846,1.0904721941819844,0.1662896006538972,0
sham_D3-2_21d,21,8.107015564023175,-20.64754250732908,-4.730732443951653,2.764094335910767,-1.6341022602599276,6.473373003212173,-4.252964011579442,1.60727038444155,-1.2110036103476292,57.75469089796978,31.794168706743818,57.28764254371595,29.961664516238248,60.479442190773156,55.98476891204278,60.83223270431741,56.49428446249768,3.799876956335794,4.718263529245263,0.7291834201425473,0.530454997905089,0
sham_D3-2_3d,3,9.069617926548284,-15.546580222241158,-5.039554987472486,2.6860812795608107,-1.790655117585848,4.554119427587221,-3.079360377155462,1.3825619798731204,-0.877345217687861,56.17765121953093,32.31254818890027,57.25570003797772,30.79813160164661,60.93445029689349,54.57163650593412,61.95709833292876,55.82807749945706,7.172165866243098,8.520712008352685,2.7536294255909084,1.5461839177323142,0
sham_D3-2_42d,42,11.9478095404636,-24.10689663092217,-7.686644971394972,3.9841213039125707,-3.082264897657065,6.7821333153691326,-5.331830679746225,2.4540120155056018,-2.077365289198028,57.54730873792345,28.63278348342402,60.48947434409809,28.28951410494641,63.09528061749887,56.17956329905506,61.77070649148875,54.37339780931761,2.9769290886918967,0.17252975201203213,2.38152914093709,1.8548358016367104,0
sham_D4-4_10d,10,7.3275967061400085,-19.451685135608876,-6.462419898857675,2.4617038372391793,-1.2517957453796642,4.955362635092376,-3.627216386564209,1.7450210374351869,-1.1692547838827236,54.9574547961795,32.51073950568203,56.92038632568329,34.07816320720122,61.63509862581441,56.54820870138279,60.54217963870596,55.333944359739,5.642040756805095,5.380460269346681,2.7458125631255825,1.933372894280943,0
sham_D4-4_1d,1,12.022893413169097,-17.772854840278733,-3.642623103673107,3.5487225041226074,-1.6915516622555333,5.648834807861284,-4.0051172915103646,1.6223658445514082,-1.3401683207725614,57.649282480831324,29.971019409880434,59.15287921328975,29.327055665706762,61.741075291907165,56.764087224869364,60.634566063452006,54.59453635297166,4.131489637962737,5.787004960278043,3.7884973836721088,1.3327480745059788,0
sham_D4-4_21d,21,17.560114174771122,-17.889115501896352,-2.5181211088242104,4.754039482525642,-2.579921342921167,4.673784426211975,-4.153331766814524,0.6258794126630429,-1.169714725966408,58.26706517400463,27.8239677368252,60.46949526359798,30.89092437651745,61.29048017458806,56.41676265300905,60.18703622066257,55.14223930036576,2.516831424105071,7.379627773383017,5.0135720146834615,3.0172937716454626,0
sham_D4-4_3d,3,13.013799575921485,-20.09694843347036,-5.825192664924661,3.8087909687529486,-2.274477663471274,4.85529034145308,-4.157401846467526,1.3746799935623493,-1.4561730026939124,58.16250721989959,27.121631210792042,60.210297578761015,31.075924107721562,62.41423349947886,56.32930473573274,61.73953448841949,55.2128817185301,5.542326617053746,6.815423755847586,2.0846272698179646,3.1494876142503117,0
sham_D4-4_41d,41,8.636077658329521,-24.946611521830956,-9.158128713041163,3.1390169252929043,-2.944627405714062,6.277101798983996,-5.473950802566049,2.308942790747121,-1.8900057734069944,58.60451729834539,29.137356323456565,58.295086977062596,30.868720063280765,61.63454744022365,55.04524512420555,62.42058508440872,55.52425080792643,2.254461769037853,0.7686793180556499,2.449541444863783,2.4835460077690072,0
sham_D7-1_1d,1,9.903787660401738,-21.617252678263387,-6.19081676105568,3.5750874869786826,-1.7837137382449408,7.962135289979295,-3.808609977126885,2.231409619029258,-0.993453959704112,59.17642538604224,29.789606993075132,60.71352676756657,26.163444126843824,60.72473483438351,55.951078774972856,61.64111444034218,55.400243898012356,0.6965265453681155,1.8817170430456116,3.4957769379126162,2.395669082843604,0
sham_D7-1_40d,40,14.013761999214202,-22.72250219422801,-6.206249073697843,4.033649101863134,-3.122698378049901,6.074918072876066,-4.292046858757578,1.9792299061214618,-1.1732193632704282,56.55490555056822,30.57413137719295,59.833581436950226,30.8635495333473,61.04083086454327,55.232189637915575,62.88187856175722,56.39356246362758,4.567627854556811,3.984675152521035,2.5769904488760247,1.4325892937620992,0
sham_D9-1_10d,10,8.516905141288358,-22.407767727181366,-7.566091282799187,2.5277175522601447,-3.455655109519676,6.6492064937731765,-5.179546173054362,2.1599940499440935,-1.8107911723938757,60.47513271101882,27.099128636116777,60.252134897338145,25.359553605972014,61.79890061147465,55.53128549736572,64.00708546033789,55.19196899609171,3.55996544314295,3.846359833872196,5.382109094758107,3.9466880769906894,0
sham_D9-1_1d,1,8.27677466906024,-15.994188572691447,-5.34302882750021,2.2159506127791797,-2.3690160455120384,5.03731958551652,-3.830166087578442,1.7441774647264199,-1.6648219336390477,58.15172040327643,31.106223064820846,58.22403354623542,29.627023465404893,61.4970062517912,56.54858275826068,60.97200349103738,54.885804928970146,0.0921700366236351,0.5579243074203575,3.0932266454656556,3.130420761102549,0
sham_D9-1_21d,21,8.175674188728399,-24.84534901632005,-8.287032987000051,3.216623566178291,-2.3767315285860184,7.47236174809648,-5.413451839713413,2.422101555636252,-2.061337748529133,59.33003051026128,27.79242472957214,60.672251672058046,28.26788967181682,62.948781989164836,55.18640422608264,62.08588431177729,54.84161895018758,3.1677875669327165,0.3113968181315627,3.159463990300921,2.859961188758419,0
sham_D9-1_3d,3,9.32578372529101,-24.0240237748004,-8.139229296490305,3.128585391122058,-1.7704364097145182,6.38113771356278,-5.125416553611361,2.2497947926357695,-1.9949288012806146,59.40666781948607,26.255713611399166,60.77727139866265,27.161752204803395,62.36133640228151,55.23860564450336,63.23275072705173,54.74614121421871,0.8448060334162903,4.416918943864925,4.945689099651652,3.112061536215151,0
sham_D9-1_42d,42,14.624927230323829,-22.182985838933302,-6.729591466265793,4.577457240565461,-2.604013942598421,6.0366427880193845,-4.38114413381834,1.8019238065836212,-1.2989597613124177,60.265092411450375,27.159708775432073,61.87925853606957,27.868320319297478,62.800733953399444,55.25145354084858,62.37938931088052,54.50892067898618,0.9304480810789997,2.4671535167408045,2.512374628625622,1.980587781863207,0
