Name,Day,GRS,GCS,Rad SDI,Circ SDI,GRSRs,GRSRd,GCSRd,GCSRs,TSd,TSs,TCs,TCd,r_std,c_std,r_reg,c_reg,Condition
mi_D11-3_10d,10,19.147034280628915,-13.872610109327407,6.432253923201755,7.2594561877603345,6.266666772175364,-8.40569325527587,4.5718707225292,-2.3338275489047495,74.15266013365914,25.98767124821648,67.7803217019742,18.97656855802032,7.282131260972743,5.207721541263873,[10.23992031 13.84554322 24.88513264 27.61754096],[ -9.8183474   -9.58529764 -13.63474585 -22.45204954],1
mi_D11-3_1d,1,16.037122773735675,-15.42463434867291,6.4031242374328485,6.0621778264910695,4.440060673733964,-9.404442238244393,5.9776907505983825,-2.2436316310163074,76.65775813744818,14.038280019256824,76.31859325235786,14.530305654067607,11.300149562148716,6.969254122155463,[ 4.20887966  6.5351094  21.55016378 31.85433827],[ -3.5323374  -18.80754571 -18.06588754 -21.29276674],1
mi_D11-3_21d,21,24.87128813697165,-9.75584514862348,1.2626906806902631,7.923321138079842,5.029907691492152,-8.245892865087615,3.3309104091841455,-2.219217927459206,75.90960583587223,19.637984419769722,72.17177714872645,14.898711445434264,8.151065052904833,6.657166420325287,[18.66887634 21.63022321 20.31414171 38.87191128],[ -0.86146324 -12.36593134 -18.88141566  -6.91457036],1
mi_D11-3_3d,3,17.493113536333496,-16.51700997854245,5.719035685368934,6.257782623312075,4.150076700954255,-9.12210193700605,7.825751305643566,-3.029107412419591,75.5872994412329,20.917639100072833,69.6518361593938,13.267474360647697,9.903183559392135,7.753931225184147,[ 2.18483456 15.62412181 24.22079098 27.94270679],[ -4.1483986  -15.93753023 -24.28506516 -21.69704593],1
mi_D11-3_40d,40,23.762794090803283,-11.905301949670378,6.521471137620449,7.509855457602552,5.359411812475349,-7.570014041881851,3.3450346484059814,-2.4984489332975897,69.18797564052984,18.007676412665198,74.58362723426606,20.774346640509904,8.843979500468448,5.1316785128921545,[10.8927053  20.22083095 31.99603185 31.94160827],[ -3.98168734 -13.09067445 -12.23750289 -18.31134312],1
mi_D11-7_10d,10,19.714985728153714,-19.362448157137834,8.560522257567822,1.1363636363636362,4.895415609717817,-6.487209969384375,7.344481489470995,-3.5706548010544084,76.20238470041532,15.003063883960598,74.27482951841432,11.659989995003025,6.318208268176759,2.5208266020430297,[21.25693563 17.40329782 11.39177618 28.80793328],[-17.95238719 -20.39535145 -22.8895882  -16.21246578],1
mi_D11-7_1d,1,13.97633509386278,-13.772955466081221,0.7339198337156259,3.254722774520598,6.706450144517332,-8.179140553345626,6.797085557286172,-3.881210116922795,77.86166555341293,15.988789303797656,74.79442680584152,10.320226939910857,4.878280686457421,1.6587856064028976,[15.14351176 17.74039768  5.70117758 17.32025336],[-13.30312931 -16.18986911 -14.03401605 -11.56480739],1
mi_D11-7_21d,21,21.67458223787938,-20.803657805617302,7.533259586659681,0.9999999999999998,6.379633642705262,-8.396095354628192,7.871659211622177,-3.5161683799814725,77.95114232422839,13.835091113127302,75.28184147841847,9.454383104834523,3.4916585045242248,2.733494700554131,[18.0070267  26.50885623 18.71794133 23.46450469],[-16.65043476 -23.6245054  -20.09254416 -22.8471469 ],1
mi_D11-7_3d,3,14.443771604502977,-11.665519676632783,2.126041532279104,6.5372045046061364,5.857538818688671,-5.439209018505787,5.101069714912551,-2.8803052778531884,73.29076812224638,18.852072459585823,72.50073719694878,14.047660369201171,4.580927090242581,3.108594436315534,[16.1241292  10.24555394 10.21083815 21.19456513],[-11.03112348 -15.75562357 -12.72613057  -7.14920109],1
mi_D11-7_40d,40,16.52320018276488,-20.446871368154806,11.346805717910218,0.8660254037844403,3.1776311071715075,-6.473177425415465,6.994850648335888,-4.478955417981444,76.93405679432195,15.4235659707095,71.30775432678601,11.347966815021632,1.554053742916567,2.6077940219150157,[18.49798733 16.34012902 14.19173958 17.06294481],[-19.47783775 -23.4930708  -22.13103455 -16.68554237],1
mi_D12-8_10d,10,13.190256534430139,-10.754362463697579,6.622287020206771,7.273826771902843,3.7338905224600234,-5.622186843147664,4.934988320956452,-1.4642457659349113,68.16798022644636,29.42486867259557,62.39573646591068,19.3205246930995,7.263941784246001,3.683194928516481,[ 3.04186941 13.58456605 23.56016093 12.57442975],[ -6.77814387  -7.66020789 -12.89590197 -15.68319612],1
mi_D12-8_1d,1,10.409421472265798,-11.65769217955972,18.484227510682363,6.4788354387170015,3.2447801501585793,-5.905905183813324,6.3282938308135765,-2.3811623479239215,74.87427122133862,24.789583261137217,65.61135828855623,12.329479669011906,7.518843793283171,5.816287473297092,[ 0.99344067  5.23060779 16.26681363 19.1468238 ],[ -3.28047812 -10.17906768 -13.90382313 -19.26739979],1
mi_D12-8_21d,21,13.370038466452641,-13.353939382845741,10.47750829978309,9.808026018396689,4.431421598264637,-6.070294710264996,5.458995665249664,-2.2464000261663917,65.84683758637269,30.2919724675923,59.80434505225129,18.488974889101154,6.80190194684637,5.6392551954680155,[ 3.05415716 16.99658173 12.07139857 21.35801641],[ -3.99791652 -17.09676331 -18.38617369 -13.93490402],1
mi_D12-8_3d,3,11.283666880970909,-8.908092774574909,21.610775828217562,7.473103546110782,3.252271921255811,-5.272364925983338,3.6288162690356316,-1.6740678430695657,73.17256088070579,31.248134369340704,59.69411293472744,15.912388858986674,10.303278591078278,4.581247270119944,[ 1.50181983  4.22036609 11.42445517 27.98802643],[ -3.4703705   -5.61998882 -14.92944392 -11.61256786],1
mi_D12-8_45d,45,24.516949353841667,-9.99072726156548,7.494450609673027,11.568470591842274,5.811814583150667,-11.610497183238008,3.202478770465314,-3.429632700916642,70.28343615987995,28.433688474188706,64.11170725673746,24.276180441226302,11.494198027059527,4.2834151666388705,[ 9.33039282 23.84538421 23.18199804 41.71002235],[ -4.68826368 -13.87507193 -14.51952479  -6.88004866],1
mi_D4-6_10d,10,6.451481118916128,-6.683139249908031,14.16819844659942,8.251551832163992,4.144653892658281,-5.406053641314298,4.044814719438924,-1.3478928909018446,62.841353163662305,30.476115870750263,59.948419263379236,25.247689442583916,3.7560575357941657,4.892800027974546,[ 0.3510799   8.60618449 10.26687793  6.58178216],[ -1.24484459  -3.0272805   -8.8358681  -13.62456381],1
mi_D4-6_1d,1,10.24403218296345,-11.37530657510537,6.589323724446813,4.481636549584414,4.180152137207785,-8.439753948589951,6.910123288258962,-3.216663025411329,71.43171007153417,24.68513822060374,64.20659285756449,17.352784205943415,6.213154039742172,5.9256545852202205,[ 2.86828285 16.73135036 16.051619    5.32487652],[ -2.75088927 -12.83641603 -10.58193909 -19.33198191],1
mi_D4-6_21d,21,10.73642335869834,-13.15970787605287,3.4014634674188566,19.67043345471042,5.012246919413331,-4.684155063792094,5.512689842236325,-3.047421967598732,61.49210886189881,21.861359621571342,70.41957360841803,25.302994137869664,5.579662930094823,7.6796621605141,[ 3.99722249 13.98934067  6.89140051 18.06772976],[ -0.88813471 -12.41659709 -19.47453648 -19.85956323],1
mi_D4-6_3d,3,15.747188786665683,-16.858940430680413,5.728898730994153,5.292486367588404,4.000361984742777,-11.744124304442696,7.929424695911203,-2.7937689689510803,73.65862426684178,18.841733374858975,72.15013823837506,13.416265149534825,7.971055898701046,7.957649732689463,[ 3.37037108 14.85199698 19.92445144 24.84193565],[ -5.67993102 -13.37362238 -22.11050162 -26.2717067 ],1
mi_D4-6_41d,41,8.077439014096981,-9.537553936168372,4.042260417272215,9.352345111930841,6.179809577699496,-5.390343728966336,6.854034320696785,-1.9385017358767511,58.452513967308164,24.377202434011338,66.64767449007695,27.476034762102227,0.760281313852026,6.488565044377553,[6.99886796 7.73183917 8.70227608 8.87677285],[ -2.96744074  -6.43603056  -8.50609885 -20.2406456 ],1
mi_D8-7_41d,41,11.122724592886573,-14.479203503856885,5.668185635842115,6.799103665255265,4.7873816726648,-3.845407356210882,5.597866983264202,-2.6435989939758224,67.70616748720217,25.105902975166906,65.03661037760332,18.088087241550387,4.96667999497485,6.4080839071184315,[ 3.21453963 10.74092076 14.36646431 16.16897367],[ -8.35565562  -8.56648223 -17.38605552 -23.60862064],1
mi_D8-8_6w,42,19.4067201428188,-16.537230720537487,4.951132368932776,5.854855825269645,4.057024682779754,-8.042823804805572,5.564078327225083,-3.7518374671513115,74.89039397458015,13.343797423042489,74.3580257488152,11.615106898452877,7.529717847061164,6.033632355564945,[15.83729809 14.14286134 15.24069797 32.40602318],[-10.35387813 -11.06672572 -20.17870704 -24.54961199],1
mi_D9-3_6w,42,15.224871230915806,-12.179696398849543,9.622504486493762,7.097087831831432,2.759249176177046,-6.127354887526074,3.7762745267959517,-2.1231607724767265,65.76866554563941,27.337767429744286,64.05507135721771,24.678162154912204,5.86944328268608,4.6786653772454905,[24.71469945 15.45315409  9.88019053 10.85144085],[ -7.1761077   -8.7581256  -13.62415983 -19.16039247],1
sham_D11-1_10d,10,22.43287198904084,-20.624947473350133,5.65843699306603,1.020408163265306,6.0091428430706095,-7.791838771458224,7.193230290592455,-4.223069233232339,76.68462519782227,13.22655597477679,76.0612653467092,10.808034348378971,4.725488831963178,4.061079293841296,[16.35479513 20.26252193 23.94468542 29.16948548],[-16.46840248 -26.12475203 -22.91495326 -16.99168211],0
sham_D11-1_1d,1,24.484091576515354,-17.466869513223166,6.689544080129827,0.8660254037844403,6.249982484497659,-6.044314544777663,7.240220469488422,-3.4756395553608828,72.16617333775612,17.375818637334724,73.551590769239,12.477146038371124,9.614718113091147,2.603176305030137,[11.7318299  24.30889272 23.08777327 38.80787042],[-13.87758596 -21.21983491 -17.6350345  -17.13502269],0
sham_D11-1_21d,21,20.88430549653402,-21.77721639865803,5.763842406476265,4.606423319938055,5.13577564524001,-7.351446770542737,8.11431354413098,-4.233764405266697,75.67273521544345,17.714522809451257,71.13475866239486,12.753011598431389,11.036695736857485,3.082966423240579,[ 3.39463466 22.70755029 23.45903247 33.97600457],[-18.31577544 -20.0145132  -26.54384071 -22.23473625],0
sham_D11-1_3d,3,16.793084010712697,-20.576485448151313,7.42994138103524,2.952359331083313,5.232141372579943,-7.190978683547057,7.898795892307078,-3.989773747410516,79.83206423207719,16.347024237768142,74.82126231820382,8.529034376844766,6.125236089502256,3.0184686465640334,[26.31037945 17.07640418  9.50647651 14.2790759 ],[-15.38987649 -21.69300478 -22.69599681 -22.52706372],0
sham_D11-1_40d,40,22.718838060242994,-21.805041355939924,1.4731391274719736,6.250000000000002,5.4053089416906985,-8.488678316024732,7.45938300770128,-5.315275291810081,78.12816631449968,13.916827415183505,74.15496528951788,10.389825762413297,2.6712560764772846,3.931234407267432,[19.87401009 21.32411276 22.65719024 27.02003915],[-17.1933886  -27.66104871 -19.52695894 -22.83876917],0
sham_D2-1_10d,10,21.445405872902498,-17.79601609218137,6.000000000000001,4.690415759823431,5.101532019289142,-5.652105663215211,6.413097297223741,-3.3953968582308334,73.36848253948884,16.891206886141873,74.28841280601995,13.65214610925988,1.0188896103297465,2.306368765370598,[21.12990025 23.05142062 20.23401966 21.36628297],[-13.87954712 -18.7060133  -18.75561275 -19.84289119],0
sham_D2-1_1d,1,13.218120335772483,-19.24026606174973,5.9225442684917855,1.190476190476188,3.9363233582602692,-6.080616214168058,7.4406027783283175,-3.5746590114158607,75.64061497880809,17.241218722736406,72.93204423504463,10.74768585191532,3.101424240233727,3.50845783462334,[17.77881086  9.41681316 11.62657813 14.05027919],[-13.59074206 -21.71036581 -22.58557239 -19.07438398],0
sham_D2-1_22d,22,20.30843397149571,-14.710914587955246,4.606423319938057,3.207501495497921,4.668153368680374,-5.645551923459476,5.580747077896704,-3.3117900903141284,74.72532947204064,14.057038370454642,76.28367107824906,11.04835913340192,2.664114374258142,1.5298083203304398,[20.51952547 23.32724051 21.34076171 16.0462082 ],[-12.2464919  -15.16537009 -14.98741998 -16.44437637],0
sham_D2-1_3d,3,14.717325440746801,-17.840795015509194,1.6583123951777003,4.69041575982343,4.179164283482768,-6.121589325607388,6.2288743225744465,-3.9737850071339667,76.1717147195398,12.510105102810268,77.97266654371529,12.137779692254645,3.263624829076436,5.3001931423933675,[10.02033691 18.98400702 13.87273056 15.99222727],[ -9.00459689 -22.34272154 -18.48650148 -21.52936015],0
sham_D2-1_40d,40,17.949054956158204,-15.762503717307293,6.7409236029203115,7.576144084141581,5.021440565126875,-5.418597954019602,4.843435176180875,-3.8505974345132117,71.26164657963734,18.42905085514503,69.19776259168233,16.735246580906143,4.121321495693152,6.142622816224607,[11.70247255 16.77912381 21.49873021 21.81589325],[ -7.16107164 -24.47727551 -16.4090252  -15.00264251],0
sham_D3-2_10d,10,21.743051035874004,-16.42732324274191,4.690415759823431,3.8405728739343044,4.848971976580807,-9.632439912339374,5.683056702106737,-4.011031757787255,74.59660669618304,16.35707380505702,71.79890892712892,13.586288030281349,10.986806030231937,2.9837893804274653,[25.65577605 18.3812203   6.36666747 36.56854032],[-17.14419982 -19.69837931 -17.30097553 -11.56573831],0
sham_D3-2_1d,1,12.770537411315132,-21.15570546418342,7.847145402770504,1.8042195912175807,4.574797301235495,-4.411781824282078,8.769941398667244,-3.983786993175282,72.80854272543348,17.986088770908303,69.20497933675915,9.024491923718458,5.591298840670416,4.239971366431191,[18.39786989  7.90028443  6.50227478 18.28172055],[-14.95788538 -22.13495864 -26.84076507 -20.68921276],0
sham_D3-2_21d,21,18.060023426773732,-19.94771438716626,0.9622504486493763,1.1111111111111112,4.949119440520613,-4.310171136031871,6.460162391966438,-3.958617758985347,69.6809255213158,14.37582653204521,75.89039306425451,13.825629883022943,5.106167093645267,1.9150072950018613,[11.50055255 15.7499951  19.61424595 25.3753001 ],[-16.71017783 -21.41825099 -20.34968218 -21.31274655],0
sham_D3-2_3d,3,16.682651674735407,-16.622582132501158,7.2916666666666705,5.1822262349303125,4.238751967934503,-6.016513934896217,5.410605322463551,-3.305770721212311,73.54985474461716,20.53553166144802,71.26413271031177,10.575895151288995,2.4177410226743827,3.0167687606623703,[19.30373159 17.81418863 16.83000132 12.78268515],[-12.57982274 -16.08818235 -16.75490393 -21.06741951],0
sham_D3-2_42d,42,16.542377943157888,-22.86273325173595,2.192223507352734,0.8490445135141538,4.619041432356722,-4.6015710090700415,7.358697606955705,-4.353099510664637,69.25534300959825,12.461201825380366,74.7151788229816,14.408391210544757,8.893774002120661,2.3384021882021147,[11.71355835 10.51646796 12.02350733 31.91597813],[-18.96816973 -23.20856373 -25.01691702 -24.25728253],0
sham_D4-4_10d,10,18.350983778112962,-16.880666408046686,6.538348415311009,3.278719262151001,4.652345810567159,-6.1970132823261945,5.916211536892881,-3.243523808902444,76.3093386300395,13.281321150536407,76.472910728958,12.04644157977777,5.404179173169841,3.7744357491899523,[24.7340308  15.01288262 11.33767513 22.31934657],[-16.30395377 -12.35208651 -22.83278481 -16.03384054],0
sham_D4-4_1d,1,16.97414487821678,-17.510351997446044,5.961209969926872,1.4731391274719727,5.025463988041065,-6.211530895172361,7.312418577362131,-3.1832715389274444,76.55978948742879,13.877077084628532,76.09035431244553,8.777262896985397,2.8008158488097914,1.7614136264421172,[17.05128447 18.93325299 12.38803348 19.52400856],[-15.121451   -18.44698882 -19.78109402 -16.69187414],0
sham_D4-4_21d,21,19.448749794936244,-17.980532868117045,7.385548614372239,0.0,4.599062506931219,-7.744984759252372,6.735143444394213,-3.6339662720324704,74.31670276138536,15.536519792577213,73.63885107115026,10.868492015394551,2.7658495532228065,2.564221438860798,[17.15251905 17.60829176 18.93023929 24.10394908],[-17.29638444 -14.75895736 -21.91164896 -17.95514072],0
sham_D4-4_3d,3,14.652064140139517,-18.86462079793437,6.156850228300816,3.9645246400169833,4.494893662161428,-5.155310511490558,5.935590423485513,-3.900395472490504,69.98908704688561,15.508020032143783,74.00058302031063,14.91466754815118,1.6118344719022666,3.9213864162153125,[13.05833997 14.10961205 14.09592846 17.34437608],[-14.1582646  -19.00999836 -17.34136858 -24.94885165],0
sham_D4-4_41d,41,24.95364496064728,-22.641360141292814,6.1682532219915185,0.0,6.309386738311534,-7.433122899795632,6.908897551151384,-5.5667079330511235,74.4350553842245,12.824184305561944,76.38221258744952,10.818804554267562,4.389212375220016,3.9506686462613474,[25.78653593 20.14227103 22.18349829 31.7022746 ],[-23.25427434 -16.93735209 -28.06441824 -22.3093959 ],0
sham_D7-1_1d,1,14.476079880951538,-20.13407212105009,1.764162122529468,0.9213036210472773,4.258386889630411,-4.563173605995637,9.687901794060712,-3.3253089604803976,74.74027060322133,14.036010361145134,73.83394911378288,6.350111225365232,4.754777992666822,3.3903095196420177,[12.46674012 18.32263646  7.64517376 19.46976918],[-14.51301838 -23.19285628 -22.34842076 -20.48199306],0
sham_D7-1_40d,40,17.624816810976004,-18.631741943637284,3.3689235736265823,2.2790142204853674,6.615538408475747,-6.329706700903551,6.415501013392269,-3.759749258087703,75.51659121559737,12.673940349777302,78.15105417996462,15.09834014273496,6.188368840138423,2.4908405868907098,[11.48842423 15.86794777 15.19610672 27.94678853],[-15.72019204 -22.50821776 -18.80020859 -17.49834939],0
sham_D9-1_10d,10,13.18783093307215,-19.317166814702823,5.7943403563554385,0.0,4.422487308755152,-6.1279650185209835,7.703452042278853,-4.132084410321342,73.78229531248732,15.2748130928883,70.74483884346955,14.031083013042624,5.138163523227124,3.4130164405962145,[ 6.01228762 12.34739505 13.9339053  20.45773577],[-14.12368466 -18.57787122 -23.14291129 -21.42420009],0
sham_D9-1_1d,1,14.444936922194302,-15.10716626114259,9.597925890831608,3.521476061368818,3.9317813538976947,-5.353246013336539,5.90576659987075,-2.9845356232370452,75.5164013444931,16.067900190774456,71.54049641620254,13.69113403274329,2.5657240997644957,2.0675490963468084,[12.93689963 12.81936863 13.13899104 18.88448839],[-11.54087125 -16.57028068 -16.04003671 -16.27747641],0
sham_D9-1_21d,21,17.400846030146802,-18.316201855408842,1.0416666666666645,1.0416666666666645,4.733021116329873,-5.589164806541156,6.829573215462506,-3.997576861906334,73.29627332367636,13.403141751891631,74.58135069044957,12.46694423884175,4.553961371435711,3.2227175799150345,[12.43031642 18.93678966 14.1186001  24.11767794],[-14.46562717 -15.82334897 -21.92544096 -21.05039032],0
sham_D9-1_3d,3,16.12838166340762,-19.585232479875998,0.0,0.9021097956087885,4.695810222973048,-4.676433405670797,6.6392465250658725,-3.6807580362747774,70.23932267323262,13.259905033397999,75.48977256972319,14.296125266208755,5.196636314963709,1.4702051391336575,[14.1354584  16.45672114  9.79983749 24.12150963],[-17.27768438 -21.01955077 -20.68618926 -19.3575055 ],0
sham_D9-1_42d,42,18.947559546264017,-17.223638881955306,2.941176470588236,0.0,5.240291325485856,-5.712938386826789,5.810734841523207,-3.657658400672222,74.47851535541524,14.114929372343305,76.20399591284551,12.851565401935062,1.8698414577554705,3.6067475644079576,[17.26926617 22.07436444 18.63716247 17.80944511],[-11.53449732 -16.80771629 -20.93164198 -19.62069994],0
